42,35
33,1
33,3
10,191
10,275
10,287
10,213
10,189
10,233
10,15
10,87
11,17
11,25
11,14
11,5
11,23
11,29
9,5
8,13
8,7
8,16
8,6
8,9
8,8
8,2
8,3
12,2
12,1
12,3
20,2
20,1
20,3
19,2
19,1
19,3
39,2
39,0
11,30
11,28
11,20
11,15
11,10
11,9
11,8
11,4
11,3
11,2
11,1
10,296
10,286
10,262
10,248
10,234
10,186
18,1
10,183
18,3
10,131
10,3
10,2
10,1
9,7
9,6
9,4
9,3
9,2
9,1
8,18
8,15
2,2
8,14
2,1
8,4
2,3
8,1
3,3
3,2
3,1
0,472
0,278
0,0
13,1
13,3
14,1
39,1
14,3
39,3
0,9
42,34
42,33
42,32
42,31
42,30
42,29
42,28
42,27
42,26
42,25
42,24
42,23
42,22
42,21
42,20
42,19
42,18
42,17
